0    350    305    82    386    433    154    88    236    187    384    273    90    205    117    393    33    429    444    200    124    289    198    385    65    324    409    321    411    448    168    279    75    57    355    43    25    77    102    156    351    145    251    399    174    211    195    428    219    397 

350    0    136    276    106    253    84    397    311    75    86    276    164    34    110    140    193    243    312    117    160    387    303    108    315    126    317    196    228    125    346    247    2    429    399    68    370    341    363    15    147    8    99    302    127    83    31    310    440    347    

305    136    0    157    30    275    334    339    109    233    269    73    322    368    377    179    273    103    24    398    222    311    97    78    364    254    52    301    236    243    277    285    87    213    44    197    19    411    421    27    427    85    135    7    151    271    328    60    147    347 

82    276    157    0    352    19    280    374    412    259    353    392    415    207    92    16    370    305    186    161    192    79    318    391    16    305    76    400    378    378    177    413    194    242    279    386    171    299    245    14    258    243    226    444    83    432    265    94    250    247  

386    106    30    352    0    428    102    76    206    87    63    17    259    405    240    189    399    197    81    73    101    369    36    65    178    191    57    435    89    256    401    281    307    247    312    367    410    226    229    47    61    60    149    26    415    29    323    421    129    209  

433    253    275    19    428    0    267    348    204    1    38    165    3    194    268    104    243    268    259    190    267    345    181    442    128    43    195    188    387    235    66    186    447    276    331    313    424    55    101    387    378    438    391    198    79    395    411    419    393    355  

154    84    334    280    102    267    0    258    235    123    140    299    43    180    213    232    245    268    246    196    187    275    2    296    283    12    405    340    186    237    227    359    77    251    433    258    158    319    168    389    21    288    365    392    66    56    445    322    235    259  

88    397    339    374    76    348    258    0    262    341    157    339    337    120    339    10    421    239    196    350    84    447    314    388    172    159    191    303    404    35    448    393    98    48    154    354    158    220    407    392    21    212    133    123    208    332    323    322    120    72  

236    311    109    412    206    204    235    262    0    43    388    223    348    8    357    285    399    265    210    272    347    175    322    366    420    431    406    81    195    141    314    147    308    33    25    2    223    330    78    426    255    287    413    338    270    274    431    280    169    154 

187    75    233    259    87    1    123    341    43    0    131    98    275    253    414    77    111    292    36    317    31    440    441    2    135    189    423    315    303    436    348    243    237    227    13    154    379    150    11    306    425    232    24    155    411    364    356    21    263    21  

384    86    269    353    63    38    140    157    388    131    0    422    226    79    419    264    204    207    226    191    151    370    231    214    141    122    233    374    356    260    385    104    381    250    86    84    296    378    27    175    368    382    420    229    284    234    11    106    93    130  

273    276    73    392    17    165    299    339    223    98    422    0    236    300    236    428    413    254    302    427    84    346    60    94    343    288    22    64    380    61    67    263    375    258    447    382    386    159    198    154    168    430    195    85    387    411    179    160    203    102  

90    164    322    415    259    3    43    337    348    275    226    236    0    298    110    434    48    389    127    91    324    131    284    122    19    50    180    335    356    212    240    334    11    83    180    244    402    411    154    90    145    211    139    252    256    251    166    153    447    218   

205    34    368    207    405    194    180    120    8    253    79    300    298    0    273    249    63    332    129    123    46    163    300    291    252    403    173    125    228    192    298    103    104    444    45    364    96    351    186    125    134    145    7    139    373    68    141    200    29    429  

117    110    377    92    240    268    213    339    357    414    419    236    110    273    0    343    419    192    377    118    78    252    200    382    27    24    84    241    289    368    353    304    365    406    32    2    131    210    330    377    323    247    141    133    286    289    165    274    221    137  

393    140    179    16    189    104    232    10    285    77    264    428    434    249    343    0    237    118    59    292    97    388    251    8    85    274    219    204    218    295    9    206    350    392    52    119    335    373    324    406    21    174    6    140    164    11    273    167    91    201 

33    193    273    370    399    243    245    421    399    111    204    413    48    63    419    237    0    69    174    440    88    179    240    118    43    320    353    221    365    50    396    255    241    91    398    435    405    398    272    443    309    267    274    22    264    304    99    144    107    135 

429    243    103    305    197    268    268    239    265    292    207    254    389    332    192    118    69    0    387    101    338    41    238    427    247    428    225    191    392    364    127    236    277    236    75    51    233    310    338    280    138    14    154    194    449    360    241    323    236    422 

444    312    24    186    81    259    246    196    210    36    226    302    127    129    377    59    174    387    0    395    426    140    44    224    238    375    383    122    15    416    48    374    138    401    385    179    438    336    224    333    16    222    327    178    441    219    109    32    54    239  

200    117    398    161    73    190    196    350    272    317    191    427    91    123    118    292    440    101    395    0    255    356    285    177    210    154    191    209    292    386    150    154    178    319    324    353    417    60    349    280    298    24    73    86    27    139    61    220    61    11  

124    160    222    192    101    267    187    84    347    31    151    84    324    46    78    97    88    338    426    255    0    338    259    400    214    74    150    359    195    74    404    235    289    1    252    359    357    236    230    5    422    346    376    4    190    30    329    160    427    444 

289    387    311    79    369    345    275    447    175    440    370    346    131    163    252    388    179    41    140    356    338    0    280    368    143    415    302    436    417    71    321    99    3    277    23    132    252    37    110    156    293    80    11    246    74    301    114    103    124    346  

198    303    97    318    36    181    2    314    322    441    231    60    284    300    200    251    240    238    44    285    259    280    0    247    133    431    345    310    32    257    411    197    191    320    9    249    159    269    140    149    412    435    212    309    11    432    321    118    3    294   

385    108    78    391    65    442    296    388    366    2    214    94    122    291    382    8    118    427    224    177    400    368    247    0    200    318    385    275    116    93    345    380    146    126    391    233    312    343    262    295    198    3    290    190    385    374    143    432    176    1   

65    315    364    16    178    128    283    172    420    135    141    343    19    252    27    85    43    247    238    210    214    143    133    200    0    187    71    356    448    363    341    327    196    333    101    390    20    147    186    332    296    325    420    104    388    191    289    308    184    190  

324    126    254    305    191    43    12    159    431    189    122    288    50    403    24    274    320    428    375    154    74    415    431    318    187    0    245    122    25    6    71    68    156    410    287    71    68    33    14    20    332    385    29    432    156    260    323    195    306    431   

409    317    52    76    57    195    405    191    406    423    233    22    180    173    84    219    353    225    383    191    150    302    345    385    71    245    0    339    361    357    125    189    194    406    219    440    258    101    379    224    399    67    266    181    371    305    290    82    165    417  

321    196    301    400    435    188    340    303    81    315    374    64    335    125    241    204    221    191    122    209    359    436    310    275    356    122    339    0    431    156    21    44    71    102    309    353    419    327    398    101    258    278    407    371    173    230    65    384    437    274   

411    228    236    378    89    387    186    404    195    303    356    380    356    228    289    218    365    392    15    292    195    417    32    116    448    25    361    431    0    22    110    11    255    352    353    193    420    215    217    302    315    214    89    287    7    345    139    328    301    356  

448    125    243    378    256    235    237    35    141    436    260    61    212    192    368    295    50    364    416    386    74    71    257    93    363    6    357    156    22    0    303    32    405    381    403    97    368    65    440    235    386    73    245    150    314    231    345    170    170    137 

168    346    277    177    401    66    227    448    314    348    385    67    240    298    353    9    396    127    48    150    404    321    411    345    341    71    125    21    110    303    0    90    443    186    59    18    396    240    178    220    27    7    44    60    42    338    81    341    395    276  

279    247    285    413    281    186    359    393    147    243    104    263    334    103    304    206    255    236    374    154    235    99    197    380    327    68    189    44    11    32    90    0    389    125    334    246    286    183    271    75    164    345    345    68    161    322    358    333    337    251 

75    2    87    194    307    447    77    98    308    237    381    375    11    104    365    350    241    277    138    178    289    3    191    146    196    156    194    71    255    405    443    389    0    223    216    267    123    166    263    184    2    200    356    167    177    268    335    57    431    248  

57    429    213    242    247    276    251    48    33    227    250    258    83    444    406    392    91    236    401    319    1    277    320    126    333    410    406    102    352    381    186    125    223    0    376    264    133    222    403    382    359    229    414    65    160    327    21    46    188    290  

355    399    44    279    312    331    433    154    25    13    86    447    180    45    32    52    398    75    385    324    252    23    9    391    101    287    219    309    353    403    59    334    216    376    0    241    38    72    350    328    409    18    149    86    359    392    329    89    131    383  

43    68    197    386    367    313    258    354    2    154    84    382    244    364    2    119    435    51    179    353    359    132    249    233    390    71    440    353    193    97    18    246    267    264    241    0    52    406    198    348    332    218    146    392    6    257    72    2    445    68   

25    370    19    171    410    424    158    158    223    379    296    386    402    96    131    335    405    233    438    417    357    252    159    312    20    68    258    419    420    368    396    286    123    133    38    52    0    96    246    307    6    127    303    341    58    228    35    233    379    122 

77    341    411    299    226    55    319    220    330    150    378    159    411    351    210    373    398    310    336    60    236    37    269    343    147    33    101    327    215    65    240    183    166    222    72    406    96    0    373    208    293    149    430    168    369    223    273    225    407    57  

102    363    421    245    229    101    168    407    78    11    27    198    154    186    330    324    272    338    224    349    230    110    140    262    186    14    379    398    217    440    178    271    263    403    350    198    246    373    0    400    274    113    236    300    330    137    128    375    326    439 

156    15    27    14    47    387    389    392    426    306    175    154    90    125    377    406    443    280    333    280    5    156    149    295    332    20    224    101    302    235    220    75    184    382    328    348    307    208    400    0    15    326    307    129    144    412    33    313    34    206   

351    147    427    258    61    378    21    21    255    425    368    168    145    134    323    21    309    138    16    298    422    293    412    198    296    332    399    258    315    386    27    164    2    359    409    332    6    293    274    15    0    413    348    426    197    227    118    29    92    243 

145    8    85    243    60    438    288    212    287    232    382    430    211    145    247    174    267    14    222    24    346    80    435    3    325    385    67    278    214    73    7    345    200    229    18    218    127    149    113    326    413    0    57    17    364    410    320    1    155    449  

251    99    135    226    149    391    365    133    413    24    420    195    139    7    141    6    274    154    327    73    376    11    212    290    420    29    266    407    89    245    44    345    356    414    149    146    303    430    236    307    348    57    0    426    233    300    292    170    86    201  

399    302    7    444    26    198    392    123    338    155    229    85    252    139    133    140    22    194    178    86    4    246    309    190    104    432    181    371    287    150    60    68    167    65    86    392    341    168    300    129    426    17    426    0    376    350    332    352    341    284   

174    127    151    83    415    79    66    208    270    411    284    387    256    373    286    164    264    449    441    27    190    74    11    385    388    156    371    173    7    314    42    161    177    160    359    6    58    369    330    144    197    364    233    376    0    283    102    421    132    359 

211    83    271    432    29    395    56    332    274    364    234    411    251    68    289    11    304    360    219    139    30    301    432    374    191    260    305    230    345    231    338    322    268    327    392    257    228    223    137    412    227    410    300    350    283    0    319    427    177    43 

195    31    328    265    323    411    445    323    431    356    11    179    166    141    165    273    99    241    109    61    329    114    321    143    289    323    290    65    139    345    81    358    335    21    329    72    35    273    128    33    118    320    292    332    102    319    0    59    269    291 

428    310    60    94    421    419    322    322    280    21    106    160    153    200    274    167    144    323    32    220    160    103    118    432    308    195    82    384    328    170    341    333    57    46    89    2    233    225    375    313    29    1    170    352    421    427    59    0    41    180    

219    440    147    250    129    393    235    120    169    263    93    203    447    29    221    91    107    236    54    61    427    124    3    176    184    306    165    437    301    170    395    337    431    188    131    445    379    407    326    34    92    155    86    341    132    177    269    41    0    22   

397    347    347    247    209    355    259    72    154    21    130    102    218    429    137    201    135    422    239    11    444    346    294    1    190    431    417    274    356    137    276    251    248    290    383    68    122    57    439    206    243    449    201    284    359    43    291    180    22    0  
